26251409594315
87303757950803
25838501715024
21586807687983
76761705870250
112620782089237
114460869177424
8878466496446
61481618495199
27286541729832
102392878617253
72323556987914
108536321689245
78923526992037
10046750726263
43648035562422
43844035645356
88685902923739
34240775179964
78219602537372
50689014993261
13234831819415
77571019136878
44265416669045
30901163407699
28295311618555
55683046136830
33556534857183
48184988781714
103428334861750
64431189035868
38934077163728
60646220408864
28592456724618
103399227617259
18201486294786
119417914672797
39961115529366
51094074512621
41173505684679
119190140580835
83979819563243
17623546382098
22726536486434
80811724553288
48124724534778
67897929546771
10914410382245
47779490005370
38597291671467
